231.99
-746.051
-15.2977
480.701
448.067
1171.89
644.08
289.293
86.9212
-334.514
-38.8261
80.0225
348.129
-13.1014
179.85
-808.22
-185.97
-780.968
-8.41513
31.267
-51.2142
249.794
-619.388
-224.334
-619.474
-586.531
16.3277
-657.808
315.215
-513.738
448.317
-127.892
778.885
151.954
573.979
-51.6939
-78.7129
-498.781
-7.74682
-534.691
502.049
196.03
339.155
1025.52
-98.2138
796.995
-229.347
-114.159
-561.812
-39.0437
-714.989
815.753
191.156
571.803
875.861
-434.307
-38.9155
-307.956
-817.152
296.999
71.7596
-326.736
627.37
-1004.28
-509.406
-131.519
-1038.1
759.178
261.557
83.3028
906.239
-711.417
-358.135
-316.897
-1204.7
164.369
-354.317
45.7769
346.622
69.973
-185.448
69.1287
-626.459
-481.243
-149.923
-631.056
529.189
10.2405
869.032
57.0733
779.275
-585.95
86.0577
-284.281
-745.814
673.608
-778.152
401.315
-179.545
-683.851
231.99
-746.051
-15.2977
480.701
448.067
1171.89
644.08
289.293
86.9212
-334.514
-38.8261
80.0225
348.129
-13.1014
179.85
-808.22
-185.97
-780.968
-8.41513
31.267
-51.2142
249.794
-619.388
-224.334
-619.474
-586.531
16.3277
-657.808
315.215
-513.738
448.317
-127.892
778.885
151.954
573.979
-51.6939
-78.7129
-498.781
-7.74682
-534.691
502.049
196.03
339.155
1025.52
-98.2138
796.995
-229.347
-114.159
-561.812
-39.0437
-714.989
815.753
191.156
571.803
875.861
-434.307
-38.9155
-307.956
-817.152
296.999
71.7596
-326.736
627.37
-1004.28
-509.406
-131.519
-1038.1
759.178
261.557
83.3028
906.239
-711.417
-358.135
-316.897
-1204.7
164.369
-354.317
45.7769
346.622
69.973
-185.448
69.1287
-626.459
-481.243
-149.923
-631.056
529.189
10.2405
869.032
57.0733
779.275
-585.95
86.0577
-284.281
-745.814
673.608
-778.152
401.315
-179.545
-683.851
231.99
-746.051
-15.2977
480.701
448.067
1171.89
644.08
289.293
86.9212
-334.514
-38.8261
80.0225
348.129
-13.1014
179.85
-808.22
-185.97
-780.968
-8.41513
31.267
-51.2142
249.794
-619.388
-224.334
-619.474
-586.531
16.3277
-657.808
315.215
-513.738
448.317
-127.892
778.885
151.954
573.979
-51.6939
-78.7129
-498.781
-7.74682
-534.691
502.049
196.03
339.155
1025.52
-98.2138
796.995
-229.347
-114.159
-561.812
-39.0437
-714.989
815.753
191.156
571.803
875.861
-434.307
-38.9155
-307.956
-817.152
296.999
71.7596
-326.736
627.37
-1004.28
-509.406
-131.519
-1038.1
759.178
261.557
83.3028
906.239
-711.417
-358.135
-316.897
-1204.7
164.369
-354.317
45.7769
346.622
69.973
-185.448
69.1287
-626.459
-481.243
-149.923
-631.056
529.189
10.2405
869.032
57.0733
779.275
-585.95
86.0577
-284.281
-745.814
673.608
-778.152
401.315
-179.545
-683.851
231.99
-746.051
-15.2977
480.701
448.067
1171.89
644.08
289.293
86.9212
-334.514
-38.8261
80.0225
348.129
-13.1014
179.85
-808.22
-185.97
-780.968
-8.41513
31.267
-51.2142
249.794
-619.388
-224.334
-619.474
-586.531
16.3277
-657.808
315.215
-513.738
448.317
-127.892
778.885
151.954
573.979
-51.6939
-78.7129
-498.781
-7.74682
-534.691
502.049
196.03
339.155
1025.52
-98.2138
796.995
-229.347
-114.159
-561.812
-39.0437
-714.989
815.753
191.156
571.803
875.861
-434.307
-38.9155
-307.956
-817.152
296.999
71.7596
-326.736
627.37
-1004.28
-509.406
-131.519
-1038.1
759.178
261.557
83.3028
906.239
-711.417
-358.135
-316.897
-1204.7
164.369
-354.317
45.7769
346.622
69.973
-185.448
69.1287
-626.459
-481.243
-149.923
-631.056
529.189
10.2405
869.032
57.0733
779.275
-585.95
86.0577
-284.281
-745.814
673.608
-778.152
401.315
-179.545
-683.851
231.99
-746.051
-15.2977
480.701
448.067
1171.89
644.08
289.293
86.9212
-334.514
-38.8261
80.0225
348.129
-13.1014
179.85
-808.22
-185.97
-780.968
-8.41513
31.267
-51.2142
249.794
-619.388
-224.334
-619.474
-586.531
16.3277
-657.808
315.215
-513.738
448.317
-127.892
778.885
151.954
573.979
-51.6939
-78.7129
-498.781
-7.74682
-534.691
502.049
196.03
339.155
1025.52
-98.2138
796.995
-229.347
-114.159
-561.812
-39.0437
-714.989
815.753
191.156
571.803
875.861
-434.307
-38.9155
-307.956
-817.152
296.999
71.7596
-326.736
627.37
-1004.28
-509.406
-131.519
-1038.1
759.178
261.557
83.3028
906.239
-711.417
-358.135
-316.897
-1204.7
164.369
-354.317
45.7769
346.622
69.973
-185.448
69.1287
-626.459
-481.243
-149.923
-631.056
529.189
10.2405
869.032
57.0733
779.275
-585.95
86.0577
-284.281
-745.814
673.608
-778.152
401.315
-179.545
-683.851
231.99
-746.051
-15.2977
480.701
448.067
1171.89
644.08
289.293
86.9212
-334.514
-38.8261
80.0225
348.129
-13.1014
179.85
-808.22
-185.97
-780.968
-8.41513
31.267
-51.2142
249.794
-619.388
-224.334
-619.474
-586.531
16.3277
-657.808
315.215
-513.738
448.317
-127.892
778.885
151.954
573.979
-51.6939
-78.7129
-498.781
-7.74682
-534.691
502.049
196.03
339.155
1025.52
-98.2138
796.995
-229.347
-114.159
-561.812
-39.0437
-714.989
815.753
191.156
571.803
875.861
-434.307
-38.9155
-307.956
-817.152
296.999
71.7596
-326.736
627.37
-1004.28
-509.406
-131.519
-1038.1
759.178
261.557
83.3028
906.239
-711.417
-358.135
-316.897
-1204.7
164.369
-354.317
45.7769
346.622
69.973
-185.448
69.1287
-626.459
-481.243
-149.923
-631.056
529.189
10.2405
869.032
57.0733
779.275
-585.95
86.0577
-284.281
-745.814
673.608
-778.152
401.315
-179.545
-683.851
231.99
-746.051
-15.2977
480.701
448.067
1171.89
644.08
289.293
86.9212
-334.514
-38.8261
80.0225
348.129
-13.1014
179.85
-808.22
-185.97
-780.968
-8.41513
31.267
-51.2142
249.794
-619.388
-224.334
-619.474
-586.531
16.3277
-657.808
315.215
-513.738
448.317
-127.892
778.885
151.954
573.979
-51.6939
-78.7129
-498.781
-7.74682
-534.691
502.049
196.03
339.155
1025.52
-98.2138
796.995
-229.347
-114.159
-561.812
-39.0437
-714.989
815.753
191.156
571.803
875.861
-434.307
-38.9155
-307.956
-817.152
296.999
71.7596
-326.736
627.37
-1004.28
-509.406
-131.519
-1038.1
759.178
261.557
83.3028
906.239
-711.417
-358.135
-316.897
-1204.7
164.369
-354.317
45.7769
346.622
69.973
-185.448
69.1287
-626.459
-481.243
-149.923
-631.056
529.189
10.2405
869.032
57.0733
779.275
-585.95
86.0577
-284.281
-745.814
673.608
-778.152
401.315
-179.545
-683.851
231.99
-746.051
-15.2977
480.701
448.067
1171.89
644.08
289.293
86.9212
-334.514
-38.8261
80.0225
348.129
-13.1014
179.85
-808.22
-185.97
-780.968
-8.41513
31.267
-51.2142
249.794
-619.388
-224.334
-619.474
-586.531
16.3277
-657.808
315.215
-513.738
448.317
-127.892
778.885
151.954
573.979
-51.6939
-78.7129
-498.781
-7.74682
-534.691
502.049
196.03
339.155
1025.52
-98.2138
796.995
-229.347
-114.159
-561.812
-39.0437
-714.989
815.753
191.156
571.803
875.861
-434.307
-38.9155
-307.956
-817.152
296.999
71.7596
-326.736
627.37
-1004.28
-509.406
-131.519
-1038.1
759.178
261.557
83.3028
906.239
-711.417
-358.135
-316.897
-1204.7
164.369
-354.317
45.7769
346.622
69.973
-185.448
69.1287
-626.459
-481.243
-149.923
-631.056
529.189
10.2405
869.032
57.0733
779.275
-585.95
86.0577
-284.281
-745.814
673.608
-778.152
401.315
-179.545
-683.851
231.99
-746.051
-15.2977
480.701
448.067
1171.89
644.08
289.293
86.9212
-334.514
-38.8261
80.0225
348.129
-13.1014
179.85
-808.22
-185.97
-780.968
-8.41513
31.267
-51.2142
249.794
-619.388
-224.334
-619.474
-586.531
16.3277
-657.808
315.215
-513.738
448.317
-127.892
778.885
151.954
573.979
-51.6939
-78.7129
-498.781
-7.74682
-534.691
502.049
196.03
339.155
1025.52
-98.2138
796.995
-229.347
-114.159
-561.812
-39.0437
-714.989
815.753
191.156
571.803
875.861
-434.307
-38.9155
-307.956
-817.152
296.999
71.7596
-326.736
627.37
-1004.28
-509.406
-131.519
-1038.1
759.178
261.557
83.3028
906.239
-711.417
-358.135
-316.897
-1204.7
164.369
-354.317
45.7769
346.622
69.973
-185.448
69.1287
-626.459
-481.243
-149.923
-631.056
529.189
10.2405
869.032
57.0733
779.275
-585.95
86.0577
-284.281
-745.814
673.608
-778.152
401.315
-179.545
-683.851
231.99
-746.051
-15.2977
480.701
448.067
1171.89
644.08
289.293
86.9212
-334.514
-38.8261
80.0225
348.129
-13.1014
179.85
-808.22
-185.97
-780.968
-8.41513
31.267
-51.2142
249.794
-619.388
-224.334
-619.474
-586.531
16.3277
-657.808
315.215
-513.738
448.317
-127.892
778.885
151.954
573.979
-51.6939
-78.7129
-498.781
-7.74682
-534.691
502.049
196.03
339.155
1025.52
-98.2138
796.995
-229.347
-114.159
-561.812
-39.0437
-714.989
815.753
191.156
571.803
875.861
-434.307
-38.9155
-307.956
-817.152
296.999
71.7596
-326.736
627.37
-1004.28
-509.406
-131.519
-1038.1
759.178
261.557
83.3028
906.239
-711.417
-358.135
-316.897
-1204.7
164.369
-354.317
45.7769
346.622
69.973
-185.448
69.1287
-626.459
-481.243
-149.923
-631.056
529.189
10.2405
869.032
57.0733
779.275
-585.95
86.0577
-284.281
-745.814
673.608
-778.152
401.315
-179.545
-683.851
231.99
-746.051
-15.2977
480.701
448.067
1171.89
644.08
289.293
86.9212
-334.514
-38.8261
80.0225
348.129
-13.1014
179.85
-808.22
-185.97
-780.968
-8.41513
31.267
-51.2142
249.794
-619.388
-224.334
-619.474
-586.531
16.3277
-657.808
315.215
-513.738
448.317
-127.892
778.885
151.954
573.979
-51.6939
-78.7129
-498.781
-7.74682
-534.691
502.049
196.03
339.155
1025.52
-98.2138
796.995
-229.347
-114.159
-561.812
-39.0437
-714.989
815.753
191.156
571.803
875.861
-434.307
-38.9155
-307.956
-817.152
296.999
71.7596
-326.736
627.37
-1004.28
-509.406
-131.519
-1038.1
759.178
261.557
83.3028
906.239
-711.417
-358.135
-316.897
-1204.7
164.369
-354.317
45.7769
346.622
69.973
-185.448
69.1287
-626.459
-481.243
-149.923
-631.056
529.189
10.2405
869.032
57.0733
779.275
-585.95
86.0577
-284.281
-745.814
673.608
-778.152
401.315
-179.545
-683.851
231.99
-746.051
-15.2977
480.701
448.067
1171.89
644.08
289.293
86.9212
-334.514
-38.8261
80.0225
348.129
-13.1014
179.85
-808.22
-185.97
-780.968
-8.41513
31.267
-51.2142
249.794
-619.388
-224.334
-619.474
-586.531
16.3277
-657.808
315.215
-513.738
448.317
-127.892
778.885
151.954
573.979
-51.6939
-78.7129
-498.781
-7.74682
-534.691
502.049
196.03
339.155
1025.52
-98.2138
796.995
-229.347
-114.159
-561.812
-39.0437
-714.989
815.753
191.156
571.803
875.861
-434.307
-38.9155
-307.956
-817.152
296.999
71.7596
-326.736
627.37
-1004.28
-509.406
-131.519
-1038.1
759.178
261.557
83.3028
906.239
-711.417
-358.135
-316.897
-1204.7
164.369
-354.317
45.7769
346.622
69.973
-185.448
69.1287
-626.459
-481.243
-149.923
-631.056
529.189
10.2405
869.032
57.0733
779.275
-585.95
86.0577
-284.281
-745.814
673.608
-778.152
401.315
-179.545
-683.851
231.99
-746.051
-15.2977
480.701
448.067
1171.89
644.08
289.293
86.9212
-334.514
-38.8261
80.0225
348.129
-13.1014
179.85
-808.22
-185.97
-780.968
-8.41513
31.267
-51.2142
249.794
-619.388
-224.334
-619.474
-586.531
16.3277
-657.808
315.215
-513.738
448.317
-127.892
778.885
151.954
573.979
-51.6939
-78.7129
-498.781
-7.74682
-534.691
502.049
196.03
339.155
1025.52
-98.2138
796.995
-229.347
-114.159
-561.812
-39.0437
-714.989
815.753
191.156
571.803
875.861
-434.307
-38.9155
-307.956
-817.152
296.999
71.7596
-326.736
627.37
-1004.28
-509.406
-131.519
-1038.1
759.178
261.557
83.3028
906.239
-711.417
-358.135
-316.897
-1204.7
164.369
-354.317
45.7769
346.622
69.973
-185.448
69.1287
-626.459
-481.243
-149.923
-631.056
529.189
10.2405
869.032
57.0733
779.275
-585.95
86.0577
-284.281
-745.814
673.608
-778.152
401.315
-179.545
-683.851
231.99
-746.051
-15.2977
480.701
448.067
1171.89
644.08
289.293
86.9212
-334.514
-38.8261
80.0225
348.129
-13.1014
179.85
-808.22
-185.97
-780.968
-8.41513
31.267
-51.2142
249.794
-619.388
-224.334
-619.474
-586.531
16.3277
-657.808
315.215
-513.738
448.317
-127.892
778.885
151.954
573.979
-51.6939
-78.7129
-498.781
-7.74682
-534.691
502.049
196.03
339.155
1025.52
-98.2138
796.995
-229.347
-114.159
-561.812
-39.0437
-714.989
815.753
191.156
571.803
875.861
-434.307
-38.9155
-307.956
-817.152
296.999
71.7596
-326.736
627.37
-1004.28
-509.406
-131.519
-1038.1
759.178
261.557
83.3028
906.239
-711.417
-358.135
-316.897
-1204.7
164.369
-354.317
45.7769
346.622
69.973
-185.448
69.1287
-626.459
-481.243
-149.923
-631.056
529.189
10.2405
869.032
57.0733
779.275
-585.95
86.0577
-284.281
-745.814
673.608
-778.152
401.315
-179.545
-683.851
231.99
-746.051
-15.2977
480.701
448.067
1171.89
644.08
289.293
86.9212
-334.514
-38.8261
80.0225
348.129
-13.1014
179.85
-808.22
-185.97
-780.968
-8.41513
31.267
-51.2142
249.794
-619.388
-224.334
-619.474
-586.531
16.3277
-657.808
315.215
-513.738
448.317
-127.892
778.885
151.954
573.979
-51.6939
-78.7129
-498.781
-7.74682
-534.691
502.049
196.03
339.155
1025.52
-98.2138
796.995
-229.347
-114.159
-561.812
-39.0437
-714.989
815.753
191.156
571.803
875.861
-434.307
-38.9155
-307.956
-817.152
296.999
71.7596
-326.736
627.37
-1004.28
-509.406
-131.519
-1038.1
759.178
261.557
83.3028
906.239
-711.417
-358.135
-316.897
-1204.7
164.369
-354.317
45.7769
346.622
69.973
-185.448
69.1287
-626.459
-481.243
-149.923
-631.056
529.189
10.2405
869.032
57.0733
779.275
-585.95
86.0577
-284.281
-745.814
673.608
-778.152
401.315
-179.545
-683.851
231.99
-746.051
-15.2977
480.701
448.067
1171.89
644.08
289.293
86.9212
-334.514
-38.8261
80.0225
348.129
-13.1014
179.85
-808.22
-185.97
-780.968
-8.41513
31.267
-51.2142
249.794
-619.388
-224.334
-619.474
-586.531
16.3277
-657.808
315.215
-513.738
448.317
-127.892
778.885
151.954
573.979
-51.6939
-78.7129
-498.781
-7.74682
-534.691
502.049
196.03
339.155
1025.52
-98.2138
796.995
-229.347
-114.159
-561.812
-39.0437
-714.989
815.753
191.156
571.803
875.861
-434.307
-38.9155
-307.956
-817.152
296.999
71.7596
-326.736
627.37
-1004.28
-509.406
-131.519
-1038.1
759.178
261.557
83.3028
906.239
-711.417
-358.135
-316.897
-1204.7
164.369
-354.317
45.7769
346.622
69.973
-185.448
69.1287
-626.459
-481.243
-149.923
-631.056
529.189
10.2405
869.032
57.0733
779.275
-585.95
86.0577
-284.281
-745.814
673.608
-778.152
401.315
-179.545
-683.851
231.99
-746.051
-15.2977
480.701
448.067
1171.89
644.08
289.293
86.9212
-334.514
-38.8261
80.0225
348.129
-13.1014
179.85
-808.22
-185.97
-780.968
-8.41513
31.267
-51.2142
249.794
-619.388
-224.334
-619.474
-586.531
16.3277
-657.808
315.215
-513.738
448.317
-127.892
778.885
151.954
573.979
-51.6939
-78.7129
-498.781
-7.74682
-534.691
502.049
196.03
339.155
1025.52
-98.2138
796.995
-229.347
-114.159
-561.812
-39.0437
-714.989
815.753
191.156
571.803
875.861
-434.307
-38.9155
-307.956
-817.152
296.999
71.7596
-326.736
627.37
-1004.28
-509.406
-131.519
-1038.1
759.178
261.557
83.3028
906.239
-711.417
-358.135
-316.897
-1204.7
164.369
-354.317
45.7769
346.622
69.973
-185.448
69.1287
-626.459
-481.243
-149.923
-631.056
529.189
10.2405
869.032
57.0733
779.275
-585.95
86.0577
-284.281
-745.814
673.608
-778.152
401.315
-179.545
-683.851
231.99
-746.051
-15.2977
480.701
448.067
1171.89
644.08
289.293
86.9212
-334.514
-38.8261
80.0225
348.129
-13.1014
179.85
-808.22
-185.97
-780.968
-8.41513
31.267
-51.2142
249.794
-619.388
-224.334
-619.474
-586.531
16.3277
-657.808
315.215
-513.738
448.317
-127.892
778.885
151.954
573.979
-51.6939
-78.7129
-498.781
-7.74682
-534.691
502.049
196.03
339.155
1025.52
-98.2138
796.995
-229.347
-114.159
-561.812
-39.0437
-714.989
815.753
191.156
571.803
875.861
-434.307
-38.9155
-307.956
-817.152
296.999
71.7596
-326.736
627.37
-1004.28
-509.406
-131.519
-1038.1
759.178
261.557
83.3028
906.239
-711.417
-358.135
-316.897
-1204.7
164.369
-354.317
45.7769
346.622
69.973
-185.448
69.1287
-626.459
-481.243
-149.923
-631.056
529.189
10.2405
869.032
57.0733
779.275
-585.95
86.0577
-284.281
-745.814
673.608
-778.152
401.315
-179.545
-683.851
231.99
-746.051
-15.2977
480.701
448.067
1171.89
644.08
289.293
86.9212
-334.514
-38.8261
80.0225
348.129
-13.1014
179.85
-808.22
-185.97
-780.968
-8.41513
31.267
-51.2142
249.794
-619.388
-224.334
-619.474
-586.531
16.3277
-657.808
315.215
-513.738
448.317
-127.892
778.885
151.954
573.979
-51.6939
-78.7129
-498.781
-7.74682
-534.691
502.049
196.03
339.155
1025.52
-98.2138
796.995
-229.347
-114.159
-561.812
-39.0437
-714.989
815.753
191.156
571.803
875.861
-434.307
-38.9155
-307.956
-817.152
296.999
71.7596
-326.736
627.37
-1004.28
-509.406
-131.519
-1038.1
759.178
261.557
83.3028
906.239
-711.417
-358.135
-316.897
-1204.7
164.369
-354.317
45.7769
346.622
69.973
-185.448
69.1287
-626.459
-481.243
-149.923
-631.056
529.189
10.2405
869.032
57.0733
779.275
-585.95
86.0577
-284.281
-745.814
673.608
-778.152
401.315
-179.545
-683.851
231.99
-746.051
-15.2977
480.701
448.067
1171.89
644.08
289.293
86.9212
-334.514
-38.8261
80.0225
348.129
-13.1014
179.85
-808.22
-185.97
-780.968
-8.41513
31.267
-51.2142
249.794
-619.388
-224.334
-619.474
-586.531
16.3277
-657.808
315.215
-513.738
448.317
-127.892
778.885
151.954
573.979
-51.6939
-78.7129
-498.781
-7.74682
-534.691
502.049
196.03
339.155
1025.52
-98.2138
796.995
-229.347
-114.159
-561.812
-39.0437
-714.989
815.753
191.156
571.803
875.861
-434.307
-38.9155
-307.956
-817.152
296.999
71.7596
-326.736
627.37
-1004.28
-509.406
-131.519
-1038.1
759.178
261.557
83.3028
906.239
-711.417
-358.135
-316.897
-1204.7
164.369
-354.317
45.7769
346.622
69.973
-185.448
69.1287
-626.459
-481.243
-149.923
-631.056
529.189
10.2405
869.032
57.0733
779.275
-585.95
86.0577
-284.281
-745.814
673.608
-778.152
401.315
-179.545
-683.851
231.99
-746.051
-15.2977
480.701
448.067
1171.89
644.08
289.293
86.9212
-334.514
-38.8261
80.0225
348.129
-13.1014
179.85
-808.22
-185.97
-780.968
-8.41513
31.267
-51.2142
249.794
-619.388
-224.334
-619.474
-586.531
16.3277
-657.808
315.215
-513.738
448.317
-127.892
778.885
151.954
573.979
-51.6939
-78.7129
-498.781
-7.74682
-534.691
502.049
196.03
339.155
1025.52
-98.2138
796.995
-229.347
-114.159
-561.812
-39.0437
-714.989
815.753
191.156
571.803
875.861
-434.307
-38.9155
-307.956
-817.152
296.999
71.7596
-326.736
627.37
-1004.28
-509.406
-131.519
-1038.1
759.178
261.557
83.3028
906.239
-711.417
-358.135
-316.897
-1204.7
164.369
-354.317
45.7769
346.622
69.973
-185.448
69.1287
-626.459
-481.243
-149.923
-631.056
529.189
10.2405
869.032
57.0733
779.275
-585.95
86.0577
-284.281
-745.814
673.608
-778.152
401.315
-179.545
-683.851
231.99
-746.051
-15.2977
480.701
448.067
1171.89
644.08
289.293
86.9212
-334.514
-38.8261
80.0225
348.129
-13.1014
179.85
-808.22
-185.97
-780.968
-8.41513
31.267
-51.2142
249.794
-619.388
-224.334
-619.474
-586.531
16.3277
-657.808
315.215
-513.738
448.317
-127.892
778.885
151.954
573.979
-51.6939
-78.7129
-498.781
-7.74682
-534.691
502.049
196.03
339.155
1025.52
-98.2138
796.995
-229.347
-114.159
-561.812
-39.0437
-714.989
815.753
191.156
571.803
875.861
-434.307
-38.9155
-307.956
-817.152
296.999
71.7596
-326.736
627.37
-1004.28
-509.406
-131.519
-1038.1
759.178
261.557
83.3028
906.239
-711.417
-358.135
-316.897
-1204.7
164.369
-354.317
45.7769
346.622
69.973
-185.448
69.1287
-626.459
-481.243
-149.923
-631.056
529.189
10.2405
869.032
57.0733
779.275
-585.95
86.0577
-284.281
-745.814
673.608
-778.152
401.315
-179.545
-683.851
231.99
-746.051
-15.2977
480.701
448.067
1171.89
644.08
289.293
86.9212
-334.514
-38.8261
80.0225
348.129
-13.1014
179.85
-808.22
-185.97
-780.968
-8.41513
31.267
-51.2142
249.794
-619.388
-224.334
-619.474
-586.531
16.3277
-657.808
315.215
-513.738
448.317
-127.892
778.885
151.954
573.979
-51.6939
-78.7129
-498.781
-7.74682
-534.691
502.049
196.03
339.155
1025.52
-98.2138
796.995
-229.347
-114.159
-561.812
-39.0437
-714.989
815.753
191.156
571.803
875.861
-434.307
-38.9155
-307.956
-817.152
296.999
71.7596
-326.736
627.37
-1004.28
-509.406
-131.519
-1038.1
759.178
261.557
83.3028
906.239
-711.417
-358.135
-316.897
-1204.7
164.369
-354.317
45.7769
346.622
69.973
-185.448
69.1287
-626.459
-481.243
-149.923
-631.056
529.189
10.2405
869.032
57.0733
779.275
-585.95
86.0577
-284.281
-745.814
673.608
-778.152
401.315
-179.545
-683.851
231.99
-746.051
-15.2977
480.701
448.067
1171.89
644.08
289.293
86.9212
-334.514
-38.8261
80.0225
348.129
-13.1014
179.85
-808.22
-185.97
-780.968
-8.41513
31.267
-51.2142
249.794
-619.388
-224.334
-619.474
-586.531
16.3277
-657.808
315.215
-513.738
448.317
-127.892
778.885
151.954
573.979
-51.6939
-78.7129
-498.781
-7.74682
-534.691
502.049
196.03
339.155
1025.52
-98.2138
796.995
-229.347
-114.159
-561.812
-39.0437
-714.989
815.753
191.156
571.803
875.861
-434.307
-38.9155
-307.956
-817.152
296.999
71.7596
-326.736
627.37
-1004.28
-509.406
-131.519
-1038.1
759.178
261.557
83.3028
906.239
-711.417
-358.135
-316.897
-1204.7
164.369
-354.317
45.7769
346.622
69.973
-185.448
69.1287
-626.459
-481.243
-149.923
-631.056
529.189
10.2405
869.032
57.0733
779.275
-585.95
86.0577
-284.281
-745.814
673.608
-778.152
401.315
-179.545
-683.851
231.99
-746.051
-15.2977
480.701
448.067
1171.89
644.08
289.293
86.9212
-334.514
-38.8261
80.0225
348.129
-13.1014
179.85
-808.22
-185.97
-780.968
-8.41513
31.267
-51.2142
249.794
-619.388
-224.334
-619.474
-586.531
16.3277
-657.808
315.215
-513.738
448.317
-127.892
778.885
151.954
573.979
-51.6939
-78.7129
-498.781
-7.74682
-534.691
502.049
196.03
339.155
1025.52
-98.2138
796.995
-229.347
-114.159
-561.812
-39.0437
-714.989
815.753
191.156
571.803
875.861
-434.307
-38.9155
-307.956
-817.152
296.999
71.7596
-326.736
627.37
-1004.28
-509.406
-131.519
-1038.1
759.178
261.557
83.3028
906.239
-711.417
-358.135
-316.897
-1204.7
164.369
-354.317
45.7769
346.622
69.973
-185.448
69.1287
-626.459
-481.243
-149.923
-631.056
529.189
10.2405
869.032
57.0733
779.275
-585.95
86.0577
-284.281
-745.814
673.608
-778.152
401.315
-179.545
-683.851
231.99
-746.051
-15.2977
480.701
448.067
1171.89
644.08
289.293
86.9212
-334.514
-38.8261
80.0225
348.129
-13.1014
179.85
-808.22
-185.97
-780.968
-8.41513
31.267
-51.2142
249.794
-619.388
-224.334
-619.474
-586.531
16.3277
-657.808
315.215
-513.738
448.317
-127.892
778.885
151.954
573.979
-51.6939
-78.7129
-498.781
-7.74682
-534.691
502.049
196.03
339.155
1025.52
-98.2138
796.995
-229.347
-114.159
-561.812
-39.0437
-714.989
815.753
191.156
571.803
875.861
-434.307
-38.9155
-307.956
-817.152
296.999
71.7596
-326.736
627.37
-1004.28
-509.406
-131.519
-1038.1
759.178
261.557
83.3028
906.239
-711.417
-358.135
-316.897
-1204.7
164.369
-354.317
45.7769
346.622
69.973
-185.448
69.1287
-626.459
-481.243
-149.923
-631.056
529.189
10.2405
869.032
57.0733
779.275
-585.95
86.0577
-284.281
-745.814
673.608
-778.152
401.315
-179.545
-683.851
231.99
-746.051
-15.2977
480.701
448.067
1171.89
644.08
289.293
86.9212
-334.514
-38.8261
80.0225
348.129
-13.1014
179.85
-808.22
-185.97
-780.968
-8.41513
31.267
-51.2142
249.794
-619.388
-224.334
-619.474
-586.531
16.3277
-657.808
315.215
-513.738
448.317
-127.892
778.885
151.954
573.979
-51.6939
-78.7129
-498.781
-7.74682
-534.691
502.049
196.03
339.155
1025.52
-98.2138
796.995
-229.347
-114.159
-561.812
-39.0437
-714.989
815.753
191.156
571.803
875.861
-434.307
-38.9155
-307.956
-817.152
296.999
71.7596
-326.736
627.37
-1004.28
-509.406
-131.519
-1038.1
759.178
261.557
83.3028
906.239
-711.417
-358.135
-316.897
-1204.7
164.369
-354.317
45.7769
346.622
69.973
-185.448
69.1287
-626.459
-481.243
-149.923
-631.056
529.189
10.2405
869.032
57.0733
779.275
-585.95
86.0577
-284.281
-745.814
673.608
-778.152
401.315
-179.545
-683.851
231.99
-746.051
-15.2977
480.701
448.067
1171.89
644.08
289.293
86.9212
-334.514
-38.8261
80.0225
348.129
-13.1014
179.85
-808.22
-185.97
-780.968
-8.41513
31.267
-51.2142
249.794
-619.388
-224.334
-619.474
-586.531
16.3277
-657.808
315.215
-513.738
448.317
-127.892
778.885
151.954
573.979
-51.6939
-78.7129
-498.781
-7.74682
-534.691
502.049
196.03
339.155
1025.52
-98.2138
796.995
-229.347
-114.159
-561.812
-39.0437
-714.989
815.753
191.156
571.803
875.861
-434.307
-38.9155
-307.956
-817.152
296.999
71.7596
-326.736
627.37
-1004.28
-509.406
-131.519
-1038.1
759.178
261.557
83.3028
906.239
-711.417
-358.135
-316.897
-1204.7
164.369
-354.317
45.7769
346.622
69.973
-185.448
69.1287
-626.459
-481.243
-149.923
-631.056
529.189
10.2405
869.032
57.0733
779.275
-585.95
86.0577
-284.281
-745.814
673.608
-778.152
401.315
-179.545
-683.851
231.99
-746.051
-15.2977
480.701
448.067
1171.89
644.08
289.293
86.9212
-334.514
-38.8261
80.0225
348.129
-13.1014
179.85
-808.22
-185.97
-780.968
-8.41513
31.267
-51.2142
249.794
-619.388
-224.334
-619.474
-586.531
16.3277
-657.808
315.215
-513.738
448.317
-127.892
778.885
151.954
573.979
-51.6939
-78.7129
-498.781
-7.74682
-534.691
502.049
196.03
339.155
1025.52
-98.2138
796.995
-229.347
-114.159
-561.812
-39.0437
-714.989
815.753
191.156
571.803
875.861
-434.307
-38.9155
-307.956
-817.152
296.999
71.7596
-326.736
627.37
-1004.28
-509.406
-131.519
-1038.1
759.178
261.557
83.3028
906.239
-711.417
-358.135
-316.897
-1204.7
164.369
-354.317
45.7769
346.622
69.973
-185.448
69.1287
-626.459
-481.243
-149.923
-631.056
529.189
10.2405
869.032
57.0733
779.275
-585.95
86.0577
-284.281
-745.814
673.608
-778.152
401.315
-179.545
-683.851
231.99
-746.051
-15.2977
480.701
448.067
1171.89
644.08
289.293
86.9212
-334.514
-38.8261
80.0225
348.129
-13.1014
179.85
-808.22
-185.97
-780.968
-8.41513
31.267
-51.2142
249.794
-619.388
-224.334
-619.474
-586.531
16.3277
-657.808
315.215
-513.738
448.317
-127.892
778.885
151.954
573.979
-51.6939
-78.7129
-498.781
-7.74682
-534.691
502.049
196.03
339.155
1025.52
-98.2138
796.995
-229.347
-114.159
-561.812
-39.0437
-714.989
815.753
191.156
571.803
875.861
-434.307
-38.9155
-307.956
-817.152
296.999
71.7596
-326.736
627.37
-1004.28
-509.406
-131.519
-1038.1
759.178
261.557
83.3028
906.239
-711.417
-358.135
-316.897
-1204.7
164.369
-354.317
45.7769
346.622
69.973
-185.448
69.1287
-626.459
-481.243
-149.923
-631.056
529.189
10.2405
869.032
57.0733
779.275
-585.95
86.0577
-284.281
-745.814
673.608
-778.152
401.315
-179.545
-683.851
231.99
-746.051
-15.2977
480.701
448.067
1171.89
644.08
289.293
86.9212
-334.514
-38.8261
80.0225
348.129
-13.1014
179.85
-808.22
-185.97
-780.968
-8.41513
31.267
-51.2142
249.794
-619.388
-224.334
-619.474
-586.531
16.3277
-657.808
315.215
-513.738
448.317
-127.892
778.885
151.954
573.979
-51.6939
-78.7129
-498.781
-7.74682
-534.691
502.049
196.03
339.155
1025.52
-98.2138
796.995
-229.347
-114.159
-561.812
-39.0437
-714.989
815.753
191.156
571.803
875.861
-434.307
-38.9155
-307.956
-817.152
296.999
71.7596
-326.736
627.37
-1004.28
-509.406
-131.519
-1038.1
759.178
261.557
83.3028
906.239
-711.417
-358.135
-316.897
-1204.7
164.369
-354.317
45.7769
346.622
69.973
-185.448
69.1287
-626.459
-481.243
-149.923
-631.056
529.189
10.2405
869.032
57.0733
779.275
-585.95
86.0577
-284.281
-745.814
673.608
-778.152
401.315
-179.545
-683.851
231.99
-746.051
-15.2977
480.701
448.067
1171.89
644.08
289.293
86.9212
-334.514
-38.8261
80.0225
348.129
-13.1014
179.85
-808.22
-185.97
-780.968
-8.41513
31.267
-51.2142
249.794
-619.388
-224.334
-619.474
-586.531
16.3277
-657.808
315.215
-513.738
448.317
-127.892
778.885
151.954
573.979
-51.6939
-78.7129
-498.781
-7.74682
-534.691
502.049
196.03
339.155
1025.52
-98.2138
796.995
-229.347
-114.159
-561.812
-39.0437
-714.989
815.753
191.156
571.803
875.861
-434.307
-38.9155
-307.956
-817.152
296.999
71.7596
-326.736
627.37
-1004.28
-509.406
-131.519
-1038.1
759.178
261.557
83.3028
906.239
-711.417
-358.135
-316.897
-1204.7
164.369
-354.317
45.7769
346.622
69.973
-185.448
69.1287
-626.459
-481.243
-149.923
-631.056
529.189
10.2405
869.032
57.0733
779.275
-585.95
86.0577
-284.281
-745.814
673.608
-778.152
401.315
-179.545
-683.851
231.99
-746.051
-15.2977
480.701
448.067
1171.89
644.08
289.293
86.9212
-334.514
-38.8261
80.0225
348.129
-13.1014
179.85
-808.22
-185.97
-780.968
-8.41513
31.267
-51.2142
249.794
-619.388
-224.334
-619.474
-586.531
16.3277
-657.808
315.215
-513.738
448.317
-127.892
778.885
151.954
573.979
-51.6939
-78.7129
-498.781
-7.74682
-534.691
502.049
196.03
339.155
1025.52
-98.2138
796.995
-229.347
-114.159
-561.812
-39.0437
-714.989
815.753
191.156
571.803
875.861
-434.307
-38.9155
-307.956
-817.152
296.999
71.7596
-326.736
627.37
-1004.28
-509.406
-131.519
-1038.1
759.178
261.557
83.3028
906.239
-711.417
-358.135
-316.897
-1204.7
164.369
-354.317
45.7769
346.622
69.973
-185.448
69.1287
-626.459
-481.243
-149.923
-631.056
529.189
10.2405
869.032
57.0733
779.275
-585.95
86.0577
-284.281
-745.814
673.608
-778.152
401.315
-179.545
-683.851
231.99
-746.051
-15.2977
480.701
448.067
1171.89
644.08
289.293
86.9212
-334.514
-38.8261
80.0225
348.129
-13.1014
179.85
-808.22
-185.97
-780.968
-8.41513
31.267
-51.2142
249.794
-619.388
-224.334
-619.474
-586.531
16.3277
-657.808
315.215
-513.738
448.317
-127.892
778.885
151.954
573.979
-51.6939
-78.7129
-498.781
-7.74682
-534.691
502.049
196.03
339.155
1025.52
-98.2138
796.995
-229.347
-114.159
-561.812
-39.0437
-714.989
815.753
191.156
571.803
875.861
-434.307
-38.9155
-307.956
-817.152
296.999
71.7596
-326.736
627.37
-1004.28
-509.406
-131.519
-1038.1
759.178
261.557
83.3028
906.239
-711.417
-358.135
-316.897
-1204.7
164.369
-354.317
45.7769
346.622
69.973
-185.448
69.1287
-626.459
-481.243
-149.923
-631.056
529.189
10.2405
869.032
57.0733
779.275
-585.95
86.0577
-284.281
-745.814
673.608
-778.152
401.315
-179.545
-683.851
231.99
-746.051
-15.2977
480.701
448.067
1171.89
644.08
289.293
86.9212
-334.514
-38.8261
80.0225
348.129
-13.1014
179.85
-808.22
-185.97
-780.968
-8.41513
31.267
-51.2142
249.794
-619.388
-224.334
-619.474
-586.531
16.3277
-657.808
315.215
-513.738
448.317
-127.892
778.885
151.954
573.979
-51.6939
-78.7129
-498.781
-7.74682
-534.691
502.049
196.03
339.155
1025.52
-98.2138
796.995
-229.347
-114.159
-561.812
-39.0437
-714.989
815.753
191.156
571.803
875.861
-434.307
-38.9155
-307.956
-817.152
296.999
71.7596
-326.736
627.37
-1004.28
-509.406
-131.519
-1038.1
759.178
261.557
83.3028
906.239
-711.417
-358.135
-316.897
-1204.7
164.369
-354.317
45.7769
346.622
69.973
-185.448
69.1287
-626.459
-481.243
-149.923
-631.056
529.189
10.2405
869.032
57.0733
779.275
-585.95
86.0577
-284.281
-745.814
673.608
-778.152
401.315
-179.545
-683.851
231.99
-746.051
-15.2977
480.701
448.067
1171.89
644.08
289.293
86.9212
-334.514
-38.8261
80.0225
348.129
-13.1014
179.85
-808.22
-185.97
-780.968
-8.41513
31.267
-51.2142
249.794
-619.388
-224.334
-619.474
-586.531
16.3277
-657.808
315.215
-513.738
448.317
-127.892
778.885
151.954
573.979
-51.6939
-78.7129
-498.781
-7.74682
-534.691
502.049
196.03
339.155
1025.52
-98.2138
796.995
-229.347
-114.159
-561.812
-39.0437
-714.989
815.753
191.156
571.803
875.861
-434.307
-38.9155
-307.956
-817.152
296.999
71.7596
-326.736
627.37
-1004.28
-509.406
-131.519
-1038.1
759.178
261.557
83.3028
906.239
-711.417
-358.135
-316.897
-1204.7
164.369
-354.317
45.7769
346.622
69.973
-185.448
69.1287
-626.459
-481.243
-149.923
-631.056
529.189
10.2405
869.032
57.0733
779.275
-585.95
86.0577
-284.281
-745.814
673.608
-778.152
401.315
-179.545
-683.851
231.99
-746.051
-15.2977
480.701
448.067
1171.89
644.08
289.293
86.9212
-334.514
-38.8261
80.0225
348.129
-13.1014
179.85
-808.22
-185.97
-780.968
-8.41513
31.267
-51.2142
249.794
-619.388
-224.334
-619.474
-586.531
16.3277
-657.808
315.215
-513.738
448.317
-127.892
778.885
151.954
573.979
-51.6939
-78.7129
-498.781
-7.74682
-534.691
502.049
196.03
339.155
1025.52
-98.2138
796.995
-229.347
-114.159
-561.812
-39.0437
-714.989
815.753
191.156
571.803
875.861
-434.307
-38.9155
-307.956
-817.152
296.999
71.7596
-326.736
627.37
-1004.28
-509.406
-131.519
-1038.1
759.178
261.557
83.3028
906.239
-711.417
-358.135
-316.897
-1204.7
164.369
-354.317
45.7769
346.622
69.973
-185.448
69.1287
-626.459
-481.243
-149.923
-631.056
529.189
10.2405
869.032
57.0733
779.275
-585.95
86.0577
-284.281
-745.814
673.608
-778.152
401.315
-179.545
-683.851
231.99
-746.051
-15.2977
480.701
448.067
1171.89
644.08
289.293
86.9212
-334.514
-38.8261
80.0225
348.129
-13.1014
179.85
-808.22
-185.97
-780.968
-8.41513
31.267
-51.2142
249.794
-619.388
-224.334
-619.474
-586.531
16.3277
-657.808
315.215
-513.738
448.317
-127.892
778.885
151.954
573.979
-51.6939
-78.7129
-498.781
-7.74682
-534.691
502.049
196.03
339.155
1025.52
-98.2138
796.995
-229.347
-114.159
-561.812
-39.0437
-714.989
815.753
191.156
571.803
875.861
-434.307
-38.9155
-307.956
-817.152
296.999
71.7596
-326.736
627.37
-1004.28
-509.406
-131.519
-1038.1
759.178
261.557
83.3028
906.239
-711.417
-358.135
-316.897
-1204.7
164.369
-354.317
45.7769
346.622
69.973
-185.448
69.1287
-626.459
-481.243
-149.923
-631.056
529.189
10.2405
869.032
57.0733
779.275
-585.95
86.0577
-284.281
-745.814
673.608
-778.152
401.315
-179.545
-683.851
231.99
-746.051
-15.2977
480.701
448.067
1171.89
644.08
289.293
86.9212
-334.514
-38.8261
80.0225
348.129
-13.1014
179.85
-808.22
-185.97
-780.968
-8.41513
31.267
-51.2142
249.794
-619.388
-224.334
-619.474
-586.531
16.3277
-657.808
315.215
-513.738
448.317
-127.892
778.885
151.954
573.979
-51.6939
-78.7129
-498.781
-7.74682
-534.691
502.049
196.03
339.155
1025.52
-98.2138
796.995
-229.347
-114.159
-561.812
-39.0437
-714.989
815.753
191.156
571.803
875.861
-434.307
-38.9155
-307.956
-817.152
296.999
71.7596
-326.736
627.37
-1004.28
-509.406
-131.519
-1038.1
759.178
261.557
83.3028
906.239
-711.417
-358.135
-316.897
-1204.7
164.369
-354.317
45.7769
346.622
69.973
-185.448
69.1287
-626.459
-481.243
-149.923
-631.056
529.189
10.2405
869.032
57.0733
779.275
-585.95
86.0577
-284.281
-745.814
673.608
-778.152
401.315
-179.545
-683.851
231.99
-746.051
-15.2977
480.701
448.067
1171.89
644.08
289.293
86.9212
-334.514
-38.8261
80.0225
348.129
-13.1014
179.85
-808.22
-185.97
-780.968
-8.41513
31.267
-51.2142
249.794
-619.388
-224.334
-619.474
-586.531
16.3277
-657.808
315.215
-513.738
448.317
-127.892
778.885
151.954
573.979
-51.6939
-78.7129
-498.781
-7.74682
-534.691
502.049
196.03
339.155
1025.52
-98.2138
796.995
-229.347
-114.159
-561.812
-39.0437
-714.989
815.753
191.156
571.803
875.861
-434.307
-38.9155
-307.956
-817.152
296.999
71.7596
-326.736
627.37
-1004.28
-509.406
-131.519
-1038.1
759.178
261.557
83.3028
906.239
-711.417
-358.135
-316.897
-1204.7
164.369
-354.317
45.7769
346.622
69.973
-185.448
69.1287
-626.459
-481.243
-149.923
-631.056
529.189
10.2405
869.032
57.0733
779.275
-585.95
86.0577
-284.281
-745.814
673.608
-778.152
401.315
-179.545
-683.851
